1.431133,-0.034094
1.421824,0.069183
1.433351,0.098229
1.421383,0.158194
1.421058,0.231083
1.412946,0.316160
1.407089,0.358311
1.351546,0.421672
1.351510,0.444955
1.270180,0.524344
1.248818,0.552163
1.227999,0.645449
1.163964,0.681605
1.127881,0.742417
1.093717,0.731629
1.035269,0.818142
0.995709,0.856815
0.920622,0.864614
0.899826,0.875760
0.840503,0.936342
0.745803,0.939573
0.705782,0.957078
0.650144,0.945189
0.562958,0.999393
0.494700,0.971885
0.444073,0.964511
0.380067,0.997956
0.306974,0.999172
0.281578,0.941560
0.198387,0.950192
0.163312,0.926132
0.101070,0.944083
0.005519,0.877475
-0.027476,0.891826
-0.086174,0.840782
-0.106667,0.784554
-0.185149,0.731138
-0.230398,0.726192
-0.293572,0.667747
-0.329563,0.643228
-0.356097,0.573136
-0.414228,0.509095
-0.429121,0.439706
-0.458692,0.397468
-0.485377,0.353713
-0.503380,0.295691
-0.502852,0.224325
-0.525638,0.195113
-0.567330,0.134409
-0.533924,0.080026
-0.570141,-0.027655
-0.533187,-0.081941
-0.528220,-0.119637
-0.527843,-0.177749
-0.527824,-0.269921
-0.496890,-0.343997
-0.449909,-0.396086
-0.450885,-0.422149
-0.419563,-0.497350
-0.417230,-0.535603
-0.372173,-0.603541
-0.321498,-0.630145
-0.294220,-0.685446
-0.226803,-0.723582
-0.156361,-0.790768
-0.116603,-0.823468
-0.076257,-0.837314
-0.030938,-0.907257
0.019692,-0.936145
0.114209,-0.968912
0.157834,-0.938512
0.216274,-0.981999
0.257792,-1.020924
0.323533,-0.979320
0.417361,-0.986884
0.483523,-1.031617
0.495897,-0.993604
0.591481,-0.994463
0.653766,-0.994639
0.699970,-0.963220
0.752571,-0.935700
0.816336,-0.940027
0.874203,-0.935885
0.955665,-0.879449
0.960879,-0.832548
1.034794,-0.832186
1.112084,-0.753704
1.127042,-0.729528
1.203061,-0.715801
1.243839,-0.660799
1.265434,-0.617344
1.270816,-0.530582
1.307624,-0.493616
1.349653,-0.423318
1.411731,-0.353793
1.385763,-0.349489
1.392565,-0.282096
1.428824,-0.228455
1.423993,-0.110921
1.458174,-0.091648
1.487026,0.015101
1.493692,0.068592
1.513121,0.111915
1.513585,0.189193
1.456268,0.246758
1.475303,0.289208
1.464892,0.366058
1.407292,0.421495
1.372926,0.484764
1.340706,0.556276
1.291941,0.566474
1.307173,0.641968
1.214787,0.700667
1.182110,0.746726
1.132963,0.753363
1.106668,0.807968
1.049540,0.836998
0.983786,0.899604
0.929245,0.930554
0.899908,0.907204
0.846504,0.984799
0.754959,0.953889
0.697052,0.986373
0.623046,0.994586
0.591732,0.991137
0.502182,1.024381
0.474101,1.003514
0.395280,1.022502
0.349139,0.999233
0.249391,0.990398
0.187440,0.973757
0.151263,0.930336
0.064067,0.919673
0.051308,0.872600
-0.006175,0.835900
-0.078752,0.787845
-0.114489,0.793783
-0.165680,0.716523
-0.228690,0.705225
-0.236860,0.672376
-0.288079,0.567642
-0.314065,0.545783
-0.376706,0.512286
-0.396586,0.412683
-0.401521,0.352007
-0.454176,0.329797
-0.446323,0.241428
-0.462620,0.165205
-0.505184,0.105366
-0.482674,0.046701
-0.514652,-0.011051
-0.484307,-0.059896
-0.494371,-0.100755
-0.496453,-0.187580
-0.443344,-0.230379
-0.424842,-0.294013
-0.389943,-0.331203
-0.417166,-0.388751
-0.372246,-0.497785
-0.321828,-0.498823
-0.287075,-0.567584
-0.278730,-0.654221
-0.220687,-0.671516
-0.168418,-0.693480
-0.152789,-0.772266
-0.050482,-0.813821
-0.038245,-0.861656
0.050305,-0.843821
0.108365,-0.906266
0.137812,-0.904975
0.198593,-0.950658
0.292388,-0.990354
0.295672,-0.954706
0.368386,-1.007375
0.426688,-0.975506
0.489842,-0.997577
0.573590,-1.015345
0.622765,-0.974406
0.689548,-0.973678
0.766484,-0.971343
0.849472,-0.915813
0.853555,-0.893273
0.935626,-0.919693
0.999493,-0.879229
1.031359,-0.850037
1.086441,-0.825926
1.161466,-0.756885
1.170338,-0.692634
1.221993,-0.696865
1.296919,-0.623833
1.333559,-0.605152
1.373233,-0.540778
1.389528,-0.473248
1.413375,-0.447511
1.425696,-0.350915
1.456182,-0.274866
1.483947,-0.253117
1.496890,-0.162345
1.517671,-0.107349
1.497650,-0.033293
1.529994,0.058814
1.516302,0.133371
1.486982,0.175371
1.505358,0.247938
1.504222,0.287552
1.478833,0.326189
1.408263,0.438887
1.441463,0.488704
1.407876,0.501916
1.354705,0.600419
1.341503,0.612796
1.303232,0.707923
1.263488,0.698076
1.210732,0.788378
1.138374,0.822936
1.094827,0.873246
1.023998,0.903244
1.007197,0.916166
0.935999,0.943961
0.873547,0.989627
0.808465,0.963873
0.783166,1.035132
0.714268,1.007868
0.635634,1.018186
0.573621,1.038380
0.518292,1.045518
0.468880,1.023480
0.368543,1.042062
0.339963,1.048883
0.261230,1.019102
0.172151,1.000974
0.151400,0.985345
0.086526,0.971266
0.049564,0.908704
-0.021082,0.894509
-0.065492,0.824903
-0.158223,0.796380
-0.183445,0.749902
-0.248280,0.707716
-0.292855,0.677116
-0.277504,0.619837
-0.354170,0.571035
-0.390015,0.520988
-0.425799,0.494039
-0.423739,0.392260
-0.430338,0.337009
-0.474733,0.266052
-0.501099,0.248964
-0.499579,0.162581
-0.466705,0.127993
-0.468064,0.038462
-0.472106,0.001898
-0.483468,-0.075096
-0.452384,-0.119166
-0.474232,-0.182201
-0.468248,-0.244779
-0.398620,-0.304185
-0.419035,-0.391399
-0.363143,-0.446362
-0.353771,-0.501679
-0.272448,-0.519762
-0.239056,-0.586927
-0.241149,-0.612916
-0.147269,-0.710124
-0.113863,-0.729516
-0.094109,-0.752844
-0.001315,-0.779938
0.034625,-0.852725
0.081178,-0.862215
0.124158,-0.903546
0.212824,-0.903517
0.272876,-0.919080
0.307724,-0.963751
0.406806,-0.937849
0.435262,-0.927316
0.529534,-0.951133
0.541144,-0.953980
0.621935,-0.933894
0.672223,-0.942052
0.731156,-0.936951
0.791071,-0.930742
0.867020,-0.858863
0.951520,-0.845726
0.994040,-0.814110
1.020010,-0.814377
1.097439,-0.795039
1.170480,-0.744753
1.200582,-0.686125
1.216741,-0.663105
1.302992,-0.621397
1.310187,-0.523930
1.350541,-0.493382
1.378392,-0.410213
1.438824,-0.357371
1.407435,-0.347982
1.445382,-0.247016
1.459043,-0.223504
1.465858,-0.161691
1.526680,-0.088990
1.490287,-0.030600
